NULL LOG

!!! Starting null insertion into tpch_2pct at rate of 0.02 !!!

CUSTOMER.C_ACCTBAL: 1162/15000 rows changed (0.07747)
CUSTOMER.C_ADDRESS: 1128/15000 rows changed (0.0752)
CUSTOMER.C_COMMENT: 1159/15000 rows changed (0.07727)
CUSTOMER.C_MKTSEGMENT: 1182/15000 rows changed (0.0788)
CUSTOMER.C_NAME: 1166/15000 rows changed (0.07773)
CUSTOMER.C_NATIONKEY: 1151/15000 rows changed (0.07673)
CUSTOMER.C_PHONE: 1180/15000 rows changed (0.07867)
